single point
        lw_fac                      0.9071369064603957    1.000000000000000    0.000000000000000
        sw_fac                      0.9563947174962745    1.000000000000000    0.000000000000000
      wind_fac                      0.9261845587889472    1.000000000000000    0.000000000000000
            cd                      0.001689144083583800    1.000000000000000    0.000000000000000
            ce                      0.001689144083583800    1.000000000000000    0.000000000000000
            ch                      0.001720575334807100    1.000000000000000    0.000000000000000
            kw                      0.4136778243201735    1.000000000000000    0.000000000000000
   sed_temp_m1                      10.00548094651894    1.000000000000000    0.000000000000000
   sed_temp_m2                      10.31933687428112    1.000000000000000    0.000000000000000
   sed_temp_m3                      13.54366432003977    1.000000000000000    0.000000000000000
   sed_temp_m4                      21.09492706368752    1.000000000000000    0.000000000000000
   sed_temp_a1                      2.644212638029731    1.000000000000000    0.000000000000000
   sed_temp_a2                      4.494866806967703    1.000000000000000    0.000000000000000
   sed_temp_a3                      5.761703035993869    1.000000000000000    0.000000000000000
   sed_temp_a4                      6.007182826605779    1.000000000000000    0.000000000000000
   sed_temp_d1                      265.4384063203000    1.000000000000000    0.000000000000000
   sed_temp_d2                      269.9737569111200    1.000000000000000    0.000000000000000
   sed_temp_d3                      279.1512895869600    1.000000000000000    0.000000000000000
   sed_temp_d4                      278.8399402116700    1.000000000000000    0.000000000000000
   sed_heat_k1                      1.384973075483304    1.000000000000000    0.000000000000000
   sed_heat_k2                      1.300031808337195    1.000000000000000    0.000000000000000
   sed_heat_k3                      1.272834322515524    1.000000000000000    0.000000000000000
   sed_heat_k4                      1.272832635650362    1.000000000000000    0.000000000000000
     fsed_oxy1                      30.33179875153638   -1.000000000000000    0.000000000000000
     fsed_oxy2                      18.33995016351665   -1.000000000000000    0.000000000000000
     fsed_oxy3                      11.27437907196032   -1.000000000000000    0.000000000000000
     fsed_oxy4                      12.51679495174718   -1.000000000000000    0.000000000000000
      ksed_oxy                      33.70992183856151    1.000000000000000    0.000000000000000
     thsed_oxy                      1.104420727921303    1.000000000000000    0.000000000000000
    inflow_fac                      0.4934473545661622    1.000000000000000    0.000000000000000
   outflow_fac                      0.4934473545661622    1.000000000000000    0.000000000000000
